%YAML:1.0
---
Camera_fx: 6.7725054544062573e+02
Camera_fy: 6.7725054544062573e+02
Camera_cx: 3.1166664123535156e+02
Camera_cy: 2.4545555496215820e+02
Camera_k1: 0
Camera_k2: 0
Camera_p1: 0
Camera_p2: 0
Camera_width: 640
Camera_height: 480
Camera_fps: 50.
Camera_bf: 8.1097242334516949e+01
Camera_RGB: 1
ThDepth: 50
LEFT_height: 480
LEFT_width: 640
LEFT_D: !!opencv-matrix
   rows: 1
   cols: 5
   dt: d
   data: [ 2.1864469791802851e-01, -1.0899375627495136e+00,
       6.1892353468128737e-04, -3.6107421851300692e-04,
       1.5094480928669987e+00 ]
LEFT_K: !!opencv-matrix
   rows: 3
   cols: 3
   dt: d
   data: [ 6.5063513961962474e+02, 0., 3.1102386215829705e+02, 0.,
       6.5073383200409421e+02, 2.5009704771269028e+02, 0., 0., 1. ]
LEFT_R: !!opencv-matrix
   rows: 3
   cols: 3
   dt: d
   data: [ 9.9999909366929285e-01, 1.7514586002589515e-04,
       1.3349099298299314e-03, -1.7406549886859489e-04,
       9.9999965729679230e-01, -8.0938711370743589e-04,
       -1.3350512331541705e-03, 8.0915401837216466e-04,
       9.9999878145324739e-01 ]
LEFT_P: !!opencv-matrix
   rows: 3
   cols: 4
   dt: d
   data: [ 6.7725054544062573e+02, 0., 3.0997414398193359e+02, 0., 0.,
       6.7725054544062573e+02, 2.4545555496215820e+02, 0., 0., 0., 1.,
       0. ]
RIGHT_height: 480
RIGHT_width: 640
RIGHT_D: !!opencv-matrix
   rows: 1
   cols: 5
   dt: d
   data: [ 1.7725360966026635e-01, -4.7404870771792829e-01,
       4.5287494639198569e-04, -1.2173467807103197e-05,
       -4.9121830167314789e-01 ]
RIGHT_K: !!opencv-matrix
   rows: 3
   cols: 3
   dt: d
   data: [ 6.5228647347506649e+02, 0., 3.1514002092369026e+02, 0.,
       6.5243178341923442e+02, 2.4035641300705899e+02, 0., 0., 1. ]
RIGHT_R: !!opencv-matrix
   rows: 3
   cols: 3
   dt: d
   data: [ 9.9999823574256552e-01, -1.0428401794615829e-03,
       1.5623687517650666e-03, 1.0415754580849570e-03,
       9.9999912944123659e-01, 8.1008476953916197e-04,
       -1.5632121805777333e-03, -8.0845601539276317e-04,
       9.9999845138207588e-01 ]
RIGHT_P: !!opencv-matrix
   rows: 3
   cols: 4
   dt: d
   data: [ 6.7725054544062573e+02, 0., 3.1166664123535156e+02,
       8.1097242334516952e+04, 0., 6.7725054544062573e+02,
       2.4545555496215820e+02, 0., 0., 0., 1., 0. ]
ORBextractor_nFeatures: 1200
ORBextractor_scaleFactor: 1.2000000000000000e+00
ORBextractor_nLevels: 8
ORBextractor_iniThFAST: 20
ORBextractor_minThFAST: 7
Viewer_KeyFrameSize: 5.0000000000000003e-02
Viewer_KeyFrameLineWidth: 1
Viewer_GraphLineWidth: 9.0000000000000002e-01
Viewer_PointSize: 2
Viewer_CameraSize: 8.0000000000000002e-02
Viewer_CameraLineWidth: 3
Viewer_ViewpointX: 0
Viewer_ViewpointY: -6.9999999999999996e-01
Viewer_ViewpointZ: -1.8000000000000000e+00
Viewer_ViewpointF: 500
