K1:
- [654.9974339673558, 0.0, 313.3240958091244]
- [0.0, 655.1795170391482, 249.51608541220963]
- [0.0, 0.0, 1.0]
D1: [0.2366959972888063, -1.2955160653402762, 9.834696007284356E-5, -0.0012951249642152232,
  2.1091411381447633]
K2:
- [653.6806211041516, 0.0, 314.2122990149116]
- [0.0, 653.8204633860768, 239.65972129848265]
- [0.0, 0.0, 1.0]
D2: [0.19494753866370312, -0.7181140874786378, 6.714558733089451E-4, -7.174187275037217E-4,
  0.38848633648122005]
size: [480.0, 640.0]
rot1:
- [0.9999985705781825, 0.0012598127702678663, -0.0011277026980525788]
- [-0.0012638161988787714, 0.9999928772627354, -0.0035564297281159654]
- [0.0011232142301345165, 0.0035578498534150353, 0.9999930400228861]
trans1: [120.01138727527336, -0.19137250969371383, 0.2095621493273885]
rot2:
- [0.9999985705781828, -0.0012638161988787798, 0.0011232142301345076]
- [0.001259812770267858, 0.9999928772627356, 0.0035578498534150392]
- [-0.0011277026980525881, -0.003556429728115963, 0.9999930400228862]
trans2: [-120.01169297124409, 0.039433677668390954, -0.07490412843488437]
T1:
- [0.9999985705781825, 0.0012598127702678663, -0.0011277026980525788, 120.01138727527336]
- [-0.0012638161988787714, 0.9999928772627354, -0.0035564297281159654, -0.19137250969371383]
- [0.0011232142301345165, 0.0035578498534150353, 0.9999930400228861, 0.2095621493273885]
- [0.0, 0.0, 0.0, 1.0]
T2:
- [0.9999985705781828, -0.0012638161988787798, 0.0011232142301345076, -120.01169297124409]
- [0.001259812770267858, 0.9999928772627356, 0.0035578498534150392, 0.039433677668390954]
- [-0.0011277026980525881, -0.003556429728115963, 0.9999930400228862, -0.07490412843488437]
- [0.0, 0.0, 0.0, 1.0]
